Pickle found: Returning.
           WAC  WAM  WALA     Balance   Principal      DGS1      DGS2      DGS3      DGS5      DGS7     DGS10     DGS20     DGS30
2020-09  7.810   33    36   422329310  21207361.0  0.127619  0.134762  0.158095  0.269524  0.461905  0.679524  1.209048  1.422857
2020-08  7.788   34    35   443536670  22462718.0  0.130476  0.139524  0.161429  0.266667  0.462857  0.650000  1.135238  1.358095
2020-07  7.768   35    34   465999388  21954828.0  0.145455  0.148182  0.173636  0.278636  0.462273  0.623636  1.091818  1.310455
2020-06  7.744   36    33   487954217  21330585.0  0.176364  0.185000  0.224545  0.344545  0.554545  0.728636  1.266364  1.493636
2020-05  7.725   37    32   509284802  19811448.0  0.161500  0.170500  0.218000  0.339500  0.525000  0.674000  1.124500  1.378000
2020-04  7.709   38    31   529096250  22098365.0  0.184286  0.224762  0.279524  0.388095  0.545238  0.657619  1.064286  1.265238
2020-03  7.692   39    30   551194616  22428052.0  0.331818  0.448182  0.503636  0.591818  0.780455  0.870000  1.257273  1.455000
2020-02  7.680   39    29   573622668  24387988.0  1.405789  1.331053  1.306842  1.323684  1.423158  1.504211  1.806842  1.970526
2020-01  7.670   40    28   598010656  23152350.0  1.532857  1.519048  1.518095  1.562381  1.669524  1.757619  2.067143  2.216190
2019-12  7.658   41    27   621163006  22828760.0  1.549048  1.613333  1.633810  1.682381  1.794762  1.862857  2.160476  2.297619
2019-11  7.650   42    26   643991766  25933819.0  1.567895  1.612632  1.612105  1.639474  1.735789  1.812105  2.126316  2.280526
2019-10  7.645   43    25   669925586  26356156.0  1.608182  1.551364  1.528182  1.525000  1.615000  1.706818  2.003636  2.190455
2019-09  7.640   44    24   696281742  27116117.0  1.796000  1.648000  1.588500  1.565000  1.638000  1.699500  1.970000  2.158000
2019-08  7.631   45    23   723397858  27178902.0  1.772273  1.571364  1.506818  1.486818  1.553636  1.626364  1.913182  2.119091
2019-07  7.626   46    22   750576761  26557895.0  1.962273  1.835000  1.798636  1.828182  1.930909  2.059091  2.355909  2.572727
2019-06  7.621   47    21   777134656  28911837.0  1.995000  1.814000  1.775000  1.825000  1.945500  2.074000  2.364500  2.574500
2019-05  7.614   48    20   806046493  29931690.0  2.340455  2.206364  2.162727  2.187727  2.286364  2.395000  2.634545  2.817727
2019-04  7.613   49    19   835978184  30952009.0  2.424762  2.344762  2.308571  2.333333  2.426667  2.532381  2.757619  2.940476
2019-03  7.608   50    18   866930193  29467224.0  2.490952  2.409524  2.366190  2.372857  2.469524  2.570952  2.798571  2.977619
2019-02  7.608   50    17   896397417  31014820.0  2.549474  2.504211  2.481579  2.487895  2.574737  2.676316  2.870000  3.023684
2019-01  7.603   51    16   927412237  29080113.0  2.579524  2.543333  2.520952  2.536190  2.609048  2.713810  2.890476  3.035238
2018-12  7.600   52    15   956492350  30666932.0  2.655263  2.676316  2.671579  2.681579  2.753158  2.832632  2.976316  3.095789
2018-11  7.600   53    14   987159282  34109994.0  2.698500  2.859000  2.907500  2.947000  3.035000  3.117000  3.268000  3.361000
2018-10  7.599   54    13  1021269276  32931790.0  2.651818  2.860909  2.935909  3.000455  3.088636  3.152273  3.266364  3.339545
2018-09  7.598   55    12  1054201065  36041581.0  2.557895  2.767895  2.837368  2.893684  2.962632  3.004211  3.084737  3.151053
2018-08  7.596   56    11  1090242646  35515866.0  2.445652  2.635652  2.709565  2.767826  2.842609  2.889130  2.970435  3.041739
2018-07  7.594   57    10  1125758512  35888546.0  2.387619  2.606667  2.695714  2.777619  2.852857  2.889048  2.944762  3.006667
2018-06  7.592   57     9  1161647058  38746755.0  2.328095  2.533333  2.645238  2.775714  2.870476  2.912381  2.977619  3.050000
2018-05  7.588   58     8  1200393813  38112166.0  2.273636  2.511818  2.657273  2.816818  2.933636  2.977727  3.051818  3.131818
2018-04  7.580   59     7  1238505979  42064963.0  2.153810  2.384286  2.522381  2.701905  2.815238  2.869048  2.959524  3.071905
2018-03  7.567   60     6  1280570943  37385432.0  2.062857  2.275714  2.421905  2.629524  2.772381  2.842381  2.973333  3.091429
2018-02  7.556   61     5  1317956375  38827551.0  1.963684  2.175263  2.356316  2.599474  2.777895  2.858947  3.016842  3.131053
Results for CARMX 2018-1 A4
                                 GLS Regression Results                                
=======================================================================================
Dep. Variable:                  Price   R-squared (uncentered):                   0.829
Model:                            GLS   Adj. R-squared (uncentered):              0.712
Method:                 Least Squares   F-statistic:                              7.076
Date:                Wed, 09 Dec 2020   Prob (F-statistic):                    8.33e-05
Time:                        15:44:20   Log-Likelihood:                          179.65
No. Observations:                  32   AIC:                                     -333.3
Df Residuals:                      19   BIC:                                     -314.3
Df Model:                          13                                                  
Covariance Type:            nonrobust                                                  
==============================================================================
                 coef    std err          t      P>|t|      [0.025      0.975]
------------------------------------------------------------------------------
WAC           -0.0247      0.016     -1.564      0.134      -0.058       0.008
WAM            0.0027      0.001      2.775      0.012       0.001       0.005
WALA           0.0029      0.002      1.331      0.199      -0.002       0.008
Balance       1.9e-12   4.49e-11      0.042      0.967    -9.2e-11    9.58e-11
Principal   -8.48e-11   1.64e-10     -0.519      0.610   -4.27e-10    2.57e-10
DGS1           0.0020      0.011      0.178      0.861      -0.022       0.026
DGS2          -0.0182      0.055     -0.333      0.742      -0.133       0.096
DGS3           0.0095      0.069      0.137      0.892      -0.135       0.154
DGS5           0.0032      0.041      0.077      0.940      -0.083       0.089
DGS7          -0.0159      0.033     -0.483      0.635      -0.085       0.053
DGS10          0.0405      0.024      1.690      0.107      -0.010       0.091
DGS20         -0.0339      0.030     -1.139      0.269      -0.096       0.028
DGS30          0.0139      0.022      0.624      0.540      -0.033       0.060
==============================================================================
Omnibus:                        1.544   Durbin-Watson:                   2.084
Prob(Omnibus):                  0.462   Jarque-Bera (JB):                1.018
Skew:                          -0.437   Prob(JB):                        0.601
Kurtosis:                       2.987   Cond. No.                     4.15e+11
==============================================================================

Notes:
[1] R² is computed without centering (uncentered) since the model does not contain a constant.
[2] Standard Errors assume that the covariance matrix of the errors is correctly specified.
[3] The condition number is large, 4.15e+11. This might indicate that there are
strong multicollinearity or other numerical problems.
